=========================================================
||              CASTEP 2 ShengBTE Interface            ||
||                     version 0.2                     ||
||                     11 May 2016                     ||
||-----------------------------------------------------||
Enable later
Enable later
Enable later
ATOM 1
1 1
[[ 8.902068 -0.       -0.      ]
 [-0.        8.902068 -0.      ]
 [-0.       -0.        8.902068]]
1 2
[[-0.150302 -0.189127  0.116125]
 [-0.189127 -0.150302  0.116125]
 [-0.116125 -0.116125  0.064787]]
1 3
[[-0.041858 -0.047206  0.020223]
 [-0.047206 -0.041858  0.020223]
 [-0.020223 -0.020223  0.023234]]
1 4
[[-0.041858 -0.047206 -0.020223]
 [-0.047206 -0.041858 -0.020223]
 [ 0.020223  0.020223  0.023234]]
1 5
[[-0.150302 -0.189127 -0.116125]
 [-0.189127 -0.150302 -0.116125]
 [ 0.116125  0.116125  0.064787]]
1 6
[[-0.150302  0.116125 -0.189127]
 [-0.116125  0.064787 -0.116125]
 [-0.189127  0.116125 -0.150302]]
1 7
[[-0.013533 -0.001391 -0.001391]
 [-0.013715  0.005273 -0.006586]
 [-0.013715 -0.006586  0.005273]]
1 8
[[-0.006016 -0.006648 -0.001895]
 [-0.006648 -0.006016  0.001895]
 [-0.003313  0.003313 -0.000475]]
1 9
[[ 0.005273 -0.013715  0.006586]
 [-0.001391 -0.013533  0.001391]
 [ 0.006586  0.013715  0.005273]]
1 10
[[ 0.064787 -0.116125  0.116125]
 [ 0.116125 -0.150302  0.189127]
 [-0.116125  0.189127 -0.150302]]
1 11
[[-0.041858  0.020223 -0.047206]
 [-0.020223  0.023234 -0.020223]
 [-0.047206  0.020223 -0.041858]]
1 12
[[-0.006016 -0.001895 -0.006648]
 [-0.003313 -0.000475  0.003313]
 [-0.006648  0.001895 -0.006016]]
1 13
[[-0.000475 -0.003313 -0.003313]
 [-0.001895 -0.006016  0.006648]
 [-0.001895  0.006648 -0.006016]]
1 14
[[ 0.023234 -0.020223  0.020223]
 [ 0.020223 -0.041858  0.047206]
 [-0.020223  0.047206 -0.041858]]
1 15
[[ 0.005273  0.006586 -0.001391]
 [ 0.006586  0.005273  0.001391]
 [-0.013715  0.013715 -0.013533]]
1 16
[[-0.041858 -0.020223 -0.047206]
 [ 0.020223  0.023234  0.020223]
 [-0.047206 -0.020223 -0.041858]]
1 17
[[ 0.005273  0.006586 -0.013715]
 [ 0.006586  0.005273  0.013715]
 [-0.001391  0.001391 -0.013533]]
1 18
[[ 0.023234  0.020223 -0.020223]
 [-0.020223 -0.041858  0.047206]
 [ 0.020223  0.047206 -0.041858]]
1 19
[[-0.000475 -0.001895 -0.001895]
 [-0.003313 -0.006016  0.006648]
 [-0.003313  0.006648 -0.006016]]
1 20
[[-0.006016 -0.003313 -0.006648]
 [-0.001895 -0.000475  0.001895]
 [-0.006648  0.003313 -0.006016]]
1 21
[[-0.150302 -0.116125 -0.189127]
 [ 0.116125  0.064787  0.116125]
 [-0.189127 -0.116125 -0.150302]]
1 22
[[ 0.064787  0.116125 -0.116125]
 [-0.116125 -0.150302  0.189127]
 [ 0.116125  0.189127 -0.150302]]
1 23
[[ 0.005273 -0.001391  0.006586]
 [-0.013715 -0.013533  0.013715]
 [ 0.006586  0.001391  0.005273]]
1 24
[[-0.006016 -0.006648 -0.003313]
 [-0.006648 -0.006016  0.003313]
 [-0.001895  0.001895 -0.000475]]
1 25
[[-0.013533 -0.013715 -0.013715]
 [-0.001391  0.005273 -0.006586]
 [-0.001391 -0.006586  0.005273]]
1 26
[[ 0.064787 -0.116125 -0.116125]
 [ 0.116125 -0.150302 -0.189127]
 [ 0.116125 -0.189127 -0.150302]]
1 27
[[ 0.005273 -0.013715 -0.006586]
 [-0.001391 -0.013533 -0.001391]
 [-0.006586 -0.013715  0.005273]]
1 28
[[-0.006016 -0.006648  0.001895]
 [-0.006648 -0.006016 -0.001895]
 [ 0.003313 -0.003313 -0.000475]]
1 29
[[-0.013533 -0.001391  0.001391]
 [-0.013715  0.005273  0.006586]
 [ 0.013715  0.006586  0.005273]]
1 30
[[-0.150302  0.116125  0.189127]
 [-0.116125  0.064787  0.116125]
 [ 0.189127 -0.116125 -0.150302]]
1 31
[[ 0.005273 -0.006586 -0.013715]
 [-0.006586  0.005273 -0.013715]
 [-0.001391 -0.001391 -0.013533]]
1 32
[[-0.002751 -0.001984 -0.001984]
 [-0.001984 -0.002751 -0.001984]
 [-0.001984 -0.001984 -0.002751]]
1 33
[[-0.002751 -0.001984  0.001984]
 [-0.001984 -0.002751  0.001984]
 [ 0.001984  0.001984 -0.002751]]
1 34
[[ 0.005273 -0.006586  0.013715]
 [-0.006586  0.005273  0.013715]
 [ 0.001391  0.001391 -0.013533]]
1 35
[[ 0.006061  0.       -0.      ]
 [-0.        0.006061 -0.      ]
 [ 0.       -0.       -0.00118 ]]
1 36
[[-0.006016  0.001895 -0.006648]
 [ 0.003313 -0.000475 -0.003313]
 [-0.006648 -0.001895 -0.006016]]
1 37
[[-0.002751  0.001984 -0.001984]
 [ 0.001984 -0.002751  0.001984]
 [-0.001984  0.001984 -0.002751]]
1 38
[[-0.000475  0.003313  0.003313]
 [ 0.001895 -0.006016  0.006648]
 [ 0.001895  0.006648 -0.006016]]
1 39
[[ 0.001083  0.000472  0.000475]
 [-0.000472  0.000513  0.00171 ]
 [-0.000475  0.00171  -0.004854]]
1 40
[[ 0.000513 -0.000472 -0.00171 ]
 [ 0.000472  0.001083 -0.000475]
 [-0.00171   0.000475 -0.004854]]
1 41
[[-0.013533  0.001391 -0.001391]
 [ 0.013715  0.005273  0.006586]
 [-0.013715  0.006586  0.005273]]
1 42
[[ 0.005273  0.013715 -0.006586]
 [ 0.001391 -0.013533  0.001391]
 [-0.006586  0.013715  0.005273]]
1 43
[[ 0.001083  0.000475  0.000472]
 [-0.000475 -0.004854  0.00171 ]
 [-0.000472  0.00171   0.000513]]
1 44
[[-0.001767 -0.000881 -0.000881]
 [-0.000881 -0.001767  0.000881]
 [-0.000881  0.000881 -0.001767]]
1 45
[[-0.004854 -0.000475 -0.00171 ]
 [ 0.000475  0.001083 -0.000472]
 [-0.00171   0.000472  0.000513]]
1 46
[[-0.150302  0.189127  0.116125]
 [ 0.189127 -0.150302 -0.116125]
 [-0.116125  0.116125  0.064787]]
1 47
[[ 0.006061 -0.        0.      ]
 [ 0.       -0.00118  -0.      ]
 [-0.       -0.        0.006061]]
1 48
[[ 0.000513 -0.00171  -0.000472]
 [-0.00171  -0.004854  0.000475]
 [ 0.000472 -0.000475  0.001083]]
1 49
[[-0.004854 -0.00171  -0.000475]
 [-0.00171   0.000513  0.000472]
 [ 0.000475 -0.000472  0.001083]]
1 50
[[-0.00118   0.        0.      ]
 [ 0.        0.006061 -0.      ]
 [ 0.       -0.        0.006061]]
1 51
[[ 0.023234 -0.020223 -0.020223]
 [ 0.020223 -0.041858 -0.047206]
 [ 0.020223 -0.047206 -0.041858]]
1 52
[[-0.000475 -0.003313  0.003313]
 [-0.001895 -0.006016 -0.006648]
 [ 0.001895 -0.006648 -0.006016]]
1 53
[[-0.006016 -0.001895  0.006648]
 [-0.003313 -0.000475 -0.003313]
 [ 0.006648 -0.001895 -0.006016]]
1 54
[[-0.041858  0.020223  0.047206]
 [-0.020223  0.023234  0.020223]
 [ 0.047206 -0.020223 -0.041858]]
1 55
[[ 0.005273  0.006586  0.001391]
 [ 0.006586  0.005273 -0.001391]
 [ 0.013715 -0.013715 -0.013533]]
1 56
[[-0.000475  0.003313 -0.003313]
 [ 0.001895 -0.006016 -0.006648]
 [-0.001895 -0.006648 -0.006016]]
1 57
[[-0.002751  0.001984  0.001984]
 [ 0.001984 -0.002751 -0.001984]
 [ 0.001984 -0.001984 -0.002751]]
1 58
[[-0.006016  0.001895  0.006648]
 [ 0.003313 -0.000475  0.003313]
 [ 0.006648  0.001895 -0.006016]]
1 59
[[ 0.000513 -0.000472  0.00171 ]
 [ 0.000472  0.001083  0.000475]
 [ 0.00171  -0.000475 -0.004854]]
1 60
[[ 0.001083  0.000472 -0.000475]
 [-0.000472  0.000513 -0.00171 ]
 [ 0.000475 -0.00171  -0.004854]]
1 61
[[-0.006016  0.006648 -0.001895]
 [ 0.006648 -0.006016 -0.001895]
 [-0.003313 -0.003313 -0.000475]]
1 62
[[-0.006016  0.006648  0.001895]
 [ 0.006648 -0.006016  0.001895]
 [ 0.003313  0.003313 -0.000475]]
1 63
[[-0.001767  0.000881  0.000881]
 [ 0.000881 -0.001767  0.000881]
 [ 0.000881  0.000881 -0.001767]]
1 64
[[-0.001353 -0.        0.      ]
 [ 0.       -0.001353  0.      ]
 [ 0.        0.       -0.002954]]
1 65
[[-0.001767  0.000881 -0.000881]
 [ 0.000881 -0.001767 -0.000881]
 [-0.000881 -0.000881 -0.001767]]
1 66
[[-0.041858  0.047206  0.020223]
 [ 0.047206 -0.041858 -0.020223]
 [-0.020223  0.020223  0.023234]]
1 67
[[ 0.000513  0.00171  -0.000472]
 [ 0.00171  -0.004854 -0.000475]
 [ 0.000472  0.000475  0.001083]]
1 68
[[-0.001353  0.        0.      ]
 [ 0.       -0.002954 -0.      ]
 [-0.       -0.       -0.001353]]
1 69
[[-0.002954  0.        0.      ]
 [ 0.       -0.001353 -0.      ]
 [-0.       -0.       -0.001353]]
1 70
[[-0.004854  0.00171   0.000475]
 [ 0.00171   0.000513  0.000472]
 [-0.000475 -0.000472  0.001083]]
1 71
[[ 0.005273  0.001391  0.006586]
 [ 0.013715 -0.013533 -0.013715]
 [ 0.006586 -0.001391  0.005273]]
1 72
[[ 0.001083 -0.000475  0.000472]
 [ 0.000475 -0.004854 -0.00171 ]
 [-0.000472 -0.00171   0.000513]]
1 73
[[-0.001767 -0.000881  0.000881]
 [-0.000881 -0.001767 -0.000881]
 [ 0.000881 -0.000881 -0.001767]]
1 74
[[-0.004854  0.000475  0.00171 ]
 [-0.000475  0.001083 -0.000472]
 [ 0.00171   0.000472  0.000513]]
1 75
[[-0.013533  0.013715  0.013715]
 [ 0.001391  0.005273 -0.006586]
 [ 0.001391 -0.006586  0.005273]]
1 76
[[ 0.023234  0.020223  0.020223]
 [-0.020223 -0.041858 -0.047206]
 [-0.020223 -0.047206 -0.041858]]
1 77
[[ 0.005273  0.006586  0.013715]
 [ 0.006586  0.005273 -0.013715]
 [ 0.001391 -0.001391 -0.013533]]
1 78
[[-0.041858 -0.020223  0.047206]
 [ 0.020223  0.023234 -0.020223]
 [ 0.047206  0.020223 -0.041858]]
1 79
[[-0.006016 -0.003313  0.006648]
 [-0.001895 -0.000475 -0.001895]
 [ 0.006648 -0.003313 -0.006016]]
1 80
[[-0.000475 -0.001895  0.001895]
 [-0.003313 -0.006016 -0.006648]
 [ 0.003313 -0.006648 -0.006016]]
1 81
[[ 0.005273  0.013715  0.006586]
 [ 0.001391 -0.013533 -0.001391]
 [ 0.006586 -0.013715  0.005273]]
1 82
[[-0.013533  0.001391  0.001391]
 [ 0.013715  0.005273 -0.006586]
 [ 0.013715 -0.006586  0.005273]]
1 83
[[-0.004854 -0.000475  0.00171 ]
 [ 0.000475  0.001083  0.000472]
 [ 0.00171  -0.000472  0.000513]]
1 84
[[-0.001767 -0.000881  0.000881]
 [-0.000881 -0.001767 -0.000881]
 [ 0.000881 -0.000881 -0.001767]]
1 85
[[ 0.001083  0.000475 -0.000472]
 [-0.000475 -0.004854 -0.00171 ]
 [ 0.000472 -0.00171   0.000513]]
1 86
[[-0.041858  0.047206 -0.020223]
 [ 0.047206 -0.041858  0.020223]
 [ 0.020223 -0.020223  0.023234]]
1 87
[[-0.004854  0.00171  -0.000475]
 [ 0.00171   0.000513 -0.000472]
 [ 0.000475  0.000472  0.001083]]
1 88
[[-0.002954  0.       -0.      ]
 [ 0.       -0.001353  0.      ]
 [-0.       -0.       -0.001353]]
1 89
[[-0.001353  0.       -0.      ]
 [ 0.       -0.002954  0.      ]
 [-0.       -0.       -0.001353]]
1 90
[[ 0.000513  0.00171   0.000472]
 [ 0.00171  -0.004854  0.000475]
 [-0.000472 -0.000475  0.001083]]
1 91
[[-0.006016  0.006648 -0.003313]
 [ 0.006648 -0.006016 -0.003313]
 [-0.001895 -0.001895 -0.000475]]
1 92
[[-0.001767  0.000881 -0.000881]
 [ 0.000881 -0.001767 -0.000881]
 [-0.000881 -0.000881 -0.001767]]
1 93
[[-0.001353  0.        0.      ]
 [ 0.       -0.001353  0.      ]
 [-0.       -0.       -0.002954]]
1 94
[[-0.001767  0.000881  0.000881]
 [ 0.000881 -0.001767  0.000881]
 [ 0.000881  0.000881 -0.001767]]
1 95
[[-0.006016  0.006648  0.003313]
 [ 0.006648 -0.006016  0.003313]
 [ 0.001895  0.001895 -0.000475]]
1 96
[[-0.000475  0.001895 -0.001895]
 [ 0.003313 -0.006016 -0.006648]
 [-0.003313 -0.006648 -0.006016]]
1 97
[[ 0.001083 -0.000472  0.000475]
 [ 0.000472  0.000513 -0.00171 ]
 [-0.000475 -0.00171  -0.004854]]
1 98
[[ 0.000513  0.000472  0.00171 ]
 [-0.000472  0.001083 -0.000475]
 [ 0.00171   0.000475 -0.004854]]
1 99
[[-0.006016  0.003313  0.006648]
 [ 0.001895 -0.000475  0.001895]
 [ 0.006648  0.003313 -0.006016]]
1 100
[[-0.002751  0.001984  0.001984]
 [ 0.001984 -0.002751 -0.001984]
 [ 0.001984 -0.001984 -0.002751]]
1 101
[[ 0.064787  0.116125  0.116125]
 [-0.116125 -0.150302 -0.189127]
 [-0.116125 -0.189127 -0.150302]]
1 102
[[-0.150302 -0.116125  0.189127]
 [ 0.116125  0.064787 -0.116125]
 [ 0.189127  0.116125 -0.150302]]
1 103
[[-0.013533 -0.013715  0.013715]
 [-0.001391  0.005273  0.006586]
 [ 0.001391  0.006586  0.005273]]
1 104
[[-0.006016 -0.006648  0.003313]
 [-0.006648 -0.006016 -0.003313]
 [ 0.001895 -0.001895 -0.000475]]
1 105
[[ 0.005273 -0.001391 -0.006586]
 [-0.013715 -0.013533 -0.013715]
 [-0.006586 -0.001391  0.005273]]
1 106
[[-0.150302  0.189127 -0.116125]
 [ 0.189127 -0.150302  0.116125]
 [ 0.116125 -0.116125  0.064787]]
1 107
[[-0.00118   0.       -0.      ]
 [-0.        0.006061  0.      ]
 [-0.       -0.        0.006061]]
1 108
[[-0.004854 -0.00171   0.000475]
 [-0.00171   0.000513 -0.000472]
 [-0.000475  0.000472  0.001083]]
1 109
[[ 0.000513 -0.00171   0.000472]
 [-0.00171  -0.004854 -0.000475]
 [-0.000472  0.000475  0.001083]]
1 110
[[ 0.006061  0.       -0.      ]
 [ 0.       -0.00118   0.      ]
 [-0.        0.        0.006061]]
1 111
[[-0.013533  0.013715 -0.013715]
 [ 0.001391  0.005273  0.006586]
 [-0.001391  0.006586  0.005273]]
1 112
[[-0.004854  0.000475 -0.00171 ]
 [-0.000475  0.001083  0.000472]
 [-0.00171  -0.000472  0.000513]]
1 113
[[-0.001767 -0.000881 -0.000881]
 [-0.000881 -0.001767  0.000881]
 [-0.000881  0.000881 -0.001767]]
1 114
[[ 0.001083 -0.000475 -0.000472]
 [ 0.000475 -0.004854  0.00171 ]
 [ 0.000472  0.00171   0.000513]]
1 115
[[ 0.005273  0.001391 -0.006586]
 [ 0.013715 -0.013533  0.013715]
 [-0.006586  0.001391  0.005273]]
1 116
[[-0.006016  0.003313 -0.006648]
 [ 0.001895 -0.000475 -0.001895]
 [-0.006648 -0.003313 -0.006016]]
1 117
[[ 0.000513  0.000472 -0.00171 ]
 [-0.000472  0.001083  0.000475]
 [-0.00171  -0.000475 -0.004854]]
1 118
[[ 0.001083 -0.000472 -0.000475]
 [ 0.000472  0.000513  0.00171 ]
 [ 0.000475  0.00171  -0.004854]]
1 119
[[-0.000475  0.001895  0.001895]
 [ 0.003313 -0.006016  0.006648]
 [ 0.003313  0.006648 -0.006016]]
1 120
[[-0.002751  0.001984 -0.001984]
 [ 0.001984 -0.002751  0.001984]
 [-0.001984  0.001984 -0.002751]]
1 121
[[ 0.005273 -0.006586 -0.001391]
 [-0.006586  0.005273 -0.001391]
 [-0.013715 -0.013715 -0.013533]]
1 122
[[ 0.006061 -0.        0.      ]
 [ 0.        0.006061  0.      ]
 [ 0.        0.       -0.00118 ]]
1 123
[[ 0.005273 -0.006586  0.001391]
 [-0.006586  0.005273  0.001391]
 [ 0.013715  0.013715 -0.013533]]
1 124
[[-0.002751 -0.001984  0.001984]
 [-0.001984 -0.002751  0.001984]
 [ 0.001984  0.001984 -0.002751]]
1 125
[[-0.002751 -0.001984 -0.001984]
 [-0.001984 -0.002751 -0.001984]
 [-0.001984 -0.001984 -0.002751]]
1 126
[[-1.957932 -1.408315 -1.408315]
 [-1.408315 -1.957932 -1.408315]
 [-1.408315 -1.408315 -1.957932]]
1 127
[[ 0.043591  0.044907 -0.02363 ]
 [ 0.044907  0.043591 -0.02363 ]
 [ 0.115045  0.115045 -0.078163]]
1 128
[[ 0.022941  0.031089 -0.      ]
 [ 0.031089  0.022941 -0.      ]
 [-0.       -0.       -0.033977]]
1 129
[[ 0.043591  0.044907  0.02363 ]
 [ 0.044907  0.043591  0.02363 ]
 [-0.115045 -0.115045 -0.078163]]
1 130
[[-1.957932 -1.408315  1.408315]
 [-1.408315 -1.957932  1.408315]
 [ 1.408315  1.408315 -1.957932]]
1 131
[[ 0.043591 -0.02363   0.044907]
 [ 0.115045 -0.078163  0.115045]
 [ 0.044907 -0.02363   0.043591]]
1 132
[[ 0.015591  0.009073  0.009073]
 [ 0.01749   0.012238 -0.00748 ]
 [ 0.01749  -0.00748   0.012238]]
1 133
[[ 0.012238  0.01749   0.00748 ]
 [ 0.009073  0.015591 -0.009073]
 [ 0.00748  -0.01749   0.012238]]
1 134
[[-0.078163  0.115045 -0.115045]
 [-0.02363   0.043591 -0.044907]
 [ 0.02363  -0.044907  0.043591]]
1 135
[[-0.03638  -0.016639 -0.001765]
 [-0.016639 -0.03638   0.001765]
 [ 0.043658 -0.043658  0.047473]]
1 136
[[ 0.022941 -0.        0.031089]
 [-0.       -0.033977 -0.      ]
 [ 0.031089 -0.        0.022941]]
1 137
[[ 0.012238  0.00748   0.01749 ]
 [ 0.00748   0.012238 -0.01749 ]
 [ 0.009073 -0.009073  0.015591]]
1 138
[[-0.033977  0.       -0.      ]
 [ 0.        0.022941 -0.031089]
 [-0.       -0.031089  0.022941]]
1 139
[[-0.009495 -0.003869  0.001051]
 [-0.000145 -0.004248 -0.003279]
 [ 0.012912 -0.019081  0.01299 ]]
1 140
[[-0.004248 -0.000145  0.003279]
 [-0.003869 -0.009495 -0.001051]
 [ 0.019081 -0.012912  0.01299 ]]
1 141
[[ 0.043591  0.02363   0.044907]
 [-0.115045 -0.078163 -0.115045]
 [ 0.044907  0.02363   0.043591]]
1 142
[[-0.078163 -0.115045  0.115045]
 [ 0.02363   0.043591 -0.044907]
 [-0.02363  -0.044907  0.043591]]
1 143
[[-0.009495  0.001051 -0.003869]
 [ 0.012912  0.01299  -0.019081]
 [-0.000145 -0.003279 -0.004248]]
1 144
[[ 0.000389  0.003717  0.003717]
 [ 0.003717  0.000389 -0.003717]
 [ 0.003717 -0.003717  0.000389]]
1 145
[[ 0.01299   0.012912  0.019081]
 [ 0.001051 -0.009495  0.003869]
 [ 0.003279  0.000145 -0.004248]]
1 146
[[-1.957932  1.408315 -1.408315]
 [ 1.408315 -1.957932  1.408315]
 [-1.408315  1.408315 -1.957932]]
1 147
[[-0.03638  -0.001765 -0.016639]
 [ 0.043658  0.047473 -0.043658]
 [-0.016639  0.001765 -0.03638 ]]
1 148
[[-0.004248  0.003279 -0.000145]
 [ 0.019081  0.01299  -0.012912]
 [-0.003869 -0.001051 -0.009495]]
1 149
[[ 0.01299   0.019081  0.012912]
 [ 0.003279 -0.004248  0.000145]
 [ 0.001051  0.003869 -0.009495]]
1 150
[[ 0.047473  0.043658  0.043658]
 [-0.001765 -0.03638   0.016639]
 [-0.001765  0.016639 -0.03638 ]]
1 151
[[-0.078163  0.115045  0.115045]
 [-0.02363   0.043591  0.044907]
 [-0.02363   0.044907  0.043591]]
1 152
[[ 0.012238  0.01749  -0.00748 ]
 [ 0.009073  0.015591  0.009073]
 [-0.00748   0.01749   0.012238]]
1 153
[[ 0.015591  0.009073 -0.009073]
 [ 0.01749   0.012238  0.00748 ]
 [-0.01749   0.00748   0.012238]]
1 154
[[ 0.043591 -0.02363  -0.044907]
 [ 0.115045 -0.078163 -0.115045]
 [-0.044907  0.02363   0.043591]]
1 155
[[-0.03638  -0.016639  0.001765]
 [-0.016639 -0.03638  -0.001765]
 [-0.043658  0.043658  0.047473]]
1 156
[[ 0.012238 -0.00748   0.01749 ]
 [-0.00748   0.012238  0.01749 ]
 [ 0.009073  0.009073  0.015591]]
1 157
[[ 0.009506 -0.       -0.      ]
 [-0.        0.009506 -0.      ]
 [-0.       -0.        0.009506]]
1 158
[[ 0.012238 -0.00748  -0.01749 ]
 [-0.00748   0.012238 -0.01749 ]
 [-0.009073 -0.009073  0.015591]]
1 159
[[-0.001361 -0.007147 -0.004327]
 [-0.007147 -0.001361 -0.004327]
 [-0.002522 -0.002522  0.013278]]
1 160
[[-0.001361 -0.007147  0.004327]
 [-0.007147 -0.001361  0.004327]
 [ 0.002522  0.002522  0.013278]]
1 161
[[ 0.015591 -0.009073  0.009073]
 [-0.01749   0.012238  0.00748 ]
 [ 0.01749   0.00748   0.012238]]
1 162
[[ 0.012238 -0.01749  -0.00748 ]
 [-0.009073  0.015591 -0.009073]
 [-0.00748  -0.01749   0.012238]]
1 163
[[ 0.001252 -0.003826 -0.003826]
 [-0.002578  0.006477 -0.005084]
 [-0.002578 -0.005084  0.006477]]
1 164
[[ 0.002398 -0.002483  0.000316]
 [-0.002483  0.002398 -0.000316]
 [ 0.001507 -0.001507  0.006145]]
1 165
[[ 0.006477 -0.002578  0.005084]
 [-0.003826  0.001252  0.003826]
 [ 0.005084  0.002578  0.006477]]
1 166
[[ 0.043591 -0.044907 -0.02363 ]
 [-0.044907  0.043591  0.02363 ]
 [ 0.115045 -0.115045 -0.078163]]
1 167
[[-0.001361 -0.004327 -0.007147]
 [-0.002522  0.013278 -0.002522]
 [-0.007147 -0.004327 -0.001361]]
1 168
[[ 0.002398  0.000316 -0.002483]
 [ 0.001507  0.006145 -0.001507]
 [-0.002483 -0.000316  0.002398]]
1 169
[[ 0.006145  0.001507  0.001507]
 [ 0.000316  0.002398  0.002483]
 [ 0.000316  0.002483  0.002398]]
1 170
[[ 0.013278 -0.002522  0.002522]
 [-0.004327 -0.001361  0.007147]
 [ 0.004327  0.007147 -0.001361]]
1 171
[[-0.03638   0.001765 -0.016639]
 [-0.043658  0.047473  0.043658]
 [-0.016639 -0.001765 -0.03638 ]]
1 172
[[-0.001361  0.004327 -0.007147]
 [ 0.002522  0.013278  0.002522]
 [-0.007147  0.004327 -0.001361]]
1 173
[[ 0.006477  0.005084 -0.002578]
 [ 0.005084  0.006477  0.002578]
 [-0.003826  0.003826  0.001252]]
1 174
[[ 0.013278  0.002522 -0.002522]
 [ 0.004327 -0.001361  0.007147]
 [-0.004327  0.007147 -0.001361]]
1 175
[[ 0.047473 -0.043658 -0.043658]
 [ 0.001765 -0.03638   0.016639]
 [ 0.001765  0.016639 -0.03638 ]]
1 176
[[-0.033977 -0.       -0.      ]
 [-0.        0.022941  0.031089]
 [-0.        0.031089  0.022941]]
1 177
[[ 0.012238  0.00748  -0.01749 ]
 [ 0.00748   0.012238  0.01749 ]
 [-0.009073  0.009073  0.015591]]
1 178
[[ 0.022941  0.       -0.031089]
 [ 0.       -0.033977 -0.      ]
 [-0.031089 -0.        0.022941]]
1 179
[[-0.004248 -0.000145 -0.003279]
 [-0.003869 -0.009495  0.001051]
 [-0.019081  0.012912  0.01299 ]]
1 180
[[-0.009495 -0.003869 -0.001051]
 [-0.000145 -0.004248  0.003279]
 [-0.012912  0.019081  0.01299 ]]
1 181
[[ 0.012238 -0.01749   0.00748 ]
 [-0.009073  0.015591  0.009073]
 [ 0.00748   0.01749   0.012238]]
1 182
[[ 0.015591 -0.009073 -0.009073]
 [-0.01749   0.012238 -0.00748 ]
 [-0.01749  -0.00748   0.012238]]
1 183
[[ 0.006477 -0.002578 -0.005084]
 [-0.003826  0.001252 -0.003826]
 [-0.005084 -0.002578  0.006477]]
1 184
[[ 0.002398 -0.002483 -0.000316]
 [-0.002483  0.002398  0.000316]
 [-0.001507  0.001507  0.006145]]
1 185
[[ 0.001252 -0.003826  0.003826]
 [-0.002578  0.006477  0.005084]
 [ 0.002578  0.005084  0.006477]]
1 186
[[ 0.022941 -0.031089  0.      ]
 [-0.031089  0.022941 -0.      ]
 [ 0.       -0.       -0.033977]]
1 187
[[ 0.006477 -0.005084 -0.002578]
 [-0.005084  0.006477 -0.002578]
 [-0.003826 -0.003826  0.001252]]
1 188
[[ 0.004121 -0.001363 -0.001363]
 [-0.001363  0.004121 -0.001363]
 [-0.001363 -0.001363  0.004121]]
1 189
[[ 0.004121 -0.001363  0.001363]
 [-0.001363  0.004121  0.001363]
 [ 0.001363  0.001363  0.004121]]
1 190
[[ 0.006477 -0.005084  0.002578]
 [-0.005084  0.006477  0.002578]
 [ 0.003826  0.003826  0.001252]]
1 191
[[-0.004248 -0.003279 -0.000145]
 [-0.019081  0.01299   0.012912]
 [-0.003869  0.001051 -0.009495]]
1 192
[[ 0.002398 -0.000316 -0.002483]
 [-0.001507  0.006145  0.001507]
 [-0.002483  0.000316  0.002398]]
1 193
[[ 0.004121  0.001363 -0.001363]
 [ 0.001363  0.004121  0.001363]
 [-0.001363  0.001363  0.004121]]
1 194
[[ 0.006145 -0.001507 -0.001507]
 [-0.000316  0.002398  0.002483]
 [-0.000316  0.002483  0.002398]]
1 195
[[ 0.01299  -0.019081 -0.012912]
 [-0.003279 -0.004248  0.000145]
 [-0.001051  0.003869 -0.009495]]
1 196
[[-0.009495 -0.001051 -0.003869]
 [-0.012912  0.01299   0.019081]
 [-0.000145  0.003279 -0.004248]]
1 197
[[ 0.001252  0.003826 -0.003826]
 [ 0.002578  0.006477  0.005084]
 [-0.002578  0.005084  0.006477]]
1 198
[[ 0.006477  0.002578 -0.005084]
 [ 0.003826  0.001252  0.003826]
 [-0.005084  0.002578  0.006477]]
1 199
[[ 0.01299  -0.012912 -0.019081]
 [-0.001051 -0.009495  0.003869]
 [-0.003279  0.000145 -0.004248]]
1 200
[[ 0.001036 -0.00677  -0.00677 ]
 [-0.00677   0.001036  0.00677 ]
 [-0.00677   0.00677   0.001036]]
1 201
[[-0.078163 -0.115045 -0.115045]
 [ 0.02363   0.043591  0.044907]
 [ 0.02363   0.044907  0.043591]]
1 202
[[ 0.043591  0.02363  -0.044907]
 [-0.115045 -0.078163  0.115045]
 [-0.044907 -0.02363   0.043591]]
1 203
[[ 0.01299   0.012912 -0.019081]
 [ 0.001051 -0.009495 -0.003869]
 [-0.003279 -0.000145 -0.004248]]
1 204
[[ 0.000389  0.003717 -0.003717]
 [ 0.003717  0.000389  0.003717]
 [-0.003717  0.003717  0.000389]]
1 205
[[-0.009495  0.001051  0.003869]
 [ 0.012912  0.01299   0.019081]
 [ 0.000145  0.003279 -0.004248]]
1 206
[[ 0.043591 -0.044907  0.02363 ]
 [-0.044907  0.043591 -0.02363 ]
 [-0.115045  0.115045 -0.078163]]
1 207
[[ 0.013278 -0.002522 -0.002522]
 [-0.004327 -0.001361 -0.007147]
 [-0.004327 -0.007147 -0.001361]]
1 208
[[ 0.006145  0.001507 -0.001507]
 [ 0.000316  0.002398 -0.002483]
 [-0.000316 -0.002483  0.002398]]
1 209
[[ 0.002398  0.000316  0.002483]
 [ 0.001507  0.006145  0.001507]
 [ 0.002483  0.000316  0.002398]]
1 210
[[-0.001361 -0.004327  0.007147]
 [-0.002522  0.013278  0.002522]
 [ 0.007147  0.004327 -0.001361]]
1 211
[[ 0.01299  -0.019081  0.012912]
 [-0.003279 -0.004248 -0.000145]
 [ 0.001051 -0.003869 -0.009495]]
1 212
[[ 0.006145 -0.001507  0.001507]
 [-0.000316  0.002398 -0.002483]
 [ 0.000316 -0.002483  0.002398]]
1 213
[[ 0.004121  0.001363  0.001363]
 [ 0.001363  0.004121 -0.001363]
 [ 0.001363 -0.001363  0.004121]]
1 214
[[ 0.002398 -0.000316  0.002483]
 [-0.001507  0.006145 -0.001507]
 [ 0.002483 -0.000316  0.002398]]
1 215
[[-0.004248 -0.003279  0.000145]
 [-0.019081  0.01299  -0.012912]
 [ 0.003869 -0.001051 -0.009495]]
1 216
[[ 0.000389 -0.003717  0.003717]
 [-0.003717  0.000389  0.003717]
 [ 0.003717  0.003717  0.000389]]
1 217
[[ 0.002398  0.002483  0.000316]
 [ 0.002483  0.002398  0.000316]
 [ 0.001507  0.001507  0.006145]]
1 218
[[ 0.002398  0.002483 -0.000316]
 [ 0.002483  0.002398 -0.000316]
 [-0.001507 -0.001507  0.006145]]
1 219
[[ 0.000389 -0.003717 -0.003717]
 [-0.003717  0.000389 -0.003717]
 [-0.003717 -0.003717  0.000389]]
1 220
[[ 0.000909 -0.005148 -0.      ]
 [-0.005148  0.000909  0.      ]
 [-0.        0.       -0.00017 ]]
1 221
[[-0.009495  0.003869  0.001051]
 [ 0.000145 -0.004248  0.003279]
 [ 0.012912  0.019081  0.01299 ]]
1 222
[[-0.001361  0.007147 -0.004327]
 [ 0.007147 -0.001361  0.004327]
 [-0.002522  0.002522  0.013278]]
1 223
[[-0.004248  0.000145 -0.003279]
 [ 0.003869 -0.009495 -0.001051]
 [-0.019081 -0.012912  0.01299 ]]
1 224
[[ 0.000909 -0.       -0.005148]
 [-0.       -0.00017   0.      ]
 [-0.005148  0.        0.000909]]
1 225
[[-0.00017   0.       -0.      ]
 [ 0.        0.000909  0.005148]
 [-0.        0.005148  0.000909]]
1 226
[[-1.957932  1.408315  1.408315]
 [ 1.408315 -1.957932 -1.408315]
 [ 1.408315 -1.408315 -1.957932]]
1 227
[[ 0.047473  0.043658 -0.043658]
 [-0.001765 -0.03638  -0.016639]
 [ 0.001765 -0.016639 -0.03638 ]]
1 228
[[ 0.01299   0.019081 -0.012912]
 [ 0.003279 -0.004248 -0.000145]
 [-0.001051 -0.003869 -0.009495]]
1 229
[[-0.004248  0.003279  0.000145]
 [ 0.019081  0.01299   0.012912]
 [ 0.003869  0.001051 -0.009495]]
1 230
[[-0.03638  -0.001765  0.016639]
 [ 0.043658  0.047473  0.043658]
 [ 0.016639 -0.001765 -0.03638 ]]
1 231
[[ 0.047473 -0.043658  0.043658]
 [ 0.001765 -0.03638  -0.016639]
 [-0.001765 -0.016639 -0.03638 ]]
1 232
[[ 0.013278  0.002522  0.002522]
 [ 0.004327 -0.001361 -0.007147]
 [ 0.004327 -0.007147 -0.001361]]
1 233
[[ 0.006477  0.005084  0.002578]
 [ 0.005084  0.006477 -0.002578]
 [ 0.003826 -0.003826  0.001252]]
1 234
[[-0.001361  0.004327  0.007147]
 [ 0.002522  0.013278 -0.002522]
 [ 0.007147 -0.004327 -0.001361]]
1 235
[[-0.03638   0.001765  0.016639]
 [-0.043658  0.047473 -0.043658]
 [ 0.016639  0.001765 -0.03638 ]]
1 236
[[ 0.01299  -0.012912  0.019081]
 [-0.001051 -0.009495 -0.003869]
 [ 0.003279 -0.000145 -0.004248]]
1 237
[[ 0.006477  0.002578  0.005084]
 [ 0.003826  0.001252 -0.003826]
 [ 0.005084 -0.002578  0.006477]]
1 238
[[ 0.001252  0.003826  0.003826]
 [ 0.002578  0.006477 -0.005084]
 [ 0.002578 -0.005084  0.006477]]
1 239
[[-0.009495 -0.001051  0.003869]
 [-0.012912  0.01299  -0.019081]
 [ 0.000145 -0.003279 -0.004248]]
1 240
[[ 0.001036 -0.00677   0.00677 ]
 [-0.00677   0.001036 -0.00677 ]
 [ 0.00677  -0.00677   0.001036]]
1 241
[[-0.004248  0.000145  0.003279]
 [ 0.003869 -0.009495  0.001051]
 [ 0.019081  0.012912  0.01299 ]]
1 242
[[-0.001361  0.007147  0.004327]
 [ 0.007147 -0.001361 -0.004327]
 [ 0.002522 -0.002522  0.013278]]
1 243
[[-0.009495  0.003869 -0.001051]
 [ 0.000145 -0.004248 -0.003279]
 [-0.012912 -0.019081  0.01299 ]]
1 244
[[-0.00017  -0.        0.      ]
 [-0.        0.000909 -0.005148]
 [ 0.       -0.005148  0.000909]]
1 245
[[ 0.000909  0.        0.005148]
 [ 0.       -0.00017  -0.      ]
 [ 0.005148  0.        0.000909]]
1 246
[[-0.03638   0.016639 -0.001765]
 [ 0.016639 -0.03638  -0.001765]
 [ 0.043658  0.043658  0.047473]]
1 247
[[-0.03638   0.016639  0.001765]
 [ 0.016639 -0.03638   0.001765]
 [-0.043658 -0.043658  0.047473]]
1 248
[[ 0.001036  0.00677  -0.00677 ]
 [ 0.00677   0.001036 -0.00677 ]
 [-0.00677  -0.00677   0.001036]]
1 249
[[ 0.000909  0.005148  0.      ]
 [ 0.005148  0.000909  0.      ]
 [ 0.        0.       -0.00017 ]]
1 250
[[ 0.001036  0.00677   0.00677 ]
 [ 0.00677   0.001036  0.00677 ]
 [ 0.00677   0.00677   0.001036]]
ATOM 2
2 1
[[-1.957932 -1.408315 -1.408315]
 [-1.408315 -1.957932 -1.408315]
 [-1.408315 -1.408315 -1.957932]]
2 2
[[-1.957932 -1.408315  1.408315]
 [-1.408315 -1.957932  1.408315]
 [ 1.408315  1.408315 -1.957932]]
2 3
[[ 0.043591  0.044907 -0.115045]
 [ 0.044907  0.043591 -0.115045]
 [ 0.02363   0.02363  -0.078163]]
2 4
[[ 0.022941  0.031089 -0.      ]
 [ 0.031089  0.022941 -0.      ]
 [-0.       -0.       -0.033977]]
2 5
[[ 0.043591  0.044907  0.115045]
 [ 0.044907  0.043591  0.115045]
 [-0.02363  -0.02363  -0.078163]]
2 6
[[-1.957932  1.408315 -1.408315]
 [ 1.408315 -1.957932  1.408315]
 [-1.408315  1.408315 -1.957932]]
2 7
[[ 0.047473 -0.001765 -0.001765]
 [ 0.043658 -0.03638   0.016639]
 [ 0.043658  0.016639 -0.03638 ]]
2 8
[[ 0.01299   0.003279  0.001051]
 [ 0.019081 -0.004248  0.003869]
 [ 0.012912  0.000145 -0.009495]]
2 9
[[-0.004248  0.019081 -0.003869]
 [ 0.003279  0.01299  -0.001051]
 [-0.000145 -0.012912 -0.009495]]
2 10
[[-0.03638   0.043658 -0.016639]
 [-0.001765  0.047473  0.001765]
 [-0.016639 -0.043658 -0.03638 ]]
2 11
[[ 0.043591 -0.115045  0.044907]
 [ 0.02363  -0.078163  0.02363 ]
 [ 0.044907 -0.115045  0.043591]]
2 12
[[ 0.01299   0.001051  0.003279]
 [ 0.012912 -0.009495  0.000145]
 [ 0.019081  0.003869 -0.004248]]
2 13
[[ 0.000389  0.003717  0.003717]
 [ 0.003717  0.000389 -0.003717]
 [ 0.003717 -0.003717  0.000389]]
2 14
[[-0.009495  0.012912 -0.000145]
 [ 0.001051  0.01299  -0.003279]
 [-0.003869 -0.019081 -0.004248]]
2 15
[[-0.078163  0.02363  -0.02363 ]
 [-0.115045  0.043591 -0.044907]
 [ 0.115045 -0.044907  0.043591]]
2 16
[[ 0.022941 -0.        0.031089]
 [-0.       -0.033977 -0.      ]
 [ 0.031089 -0.        0.022941]]
2 17
[[-0.004248 -0.003869  0.019081]
 [-0.000145 -0.009495 -0.012912]
 [ 0.003279 -0.001051  0.01299 ]]
2 18
[[-0.009495 -0.000145  0.012912]
 [-0.003869 -0.004248 -0.019081]
 [ 0.001051 -0.003279  0.01299 ]]
2 19
[[-0.033977 -0.        0.      ]
 [-0.        0.022941 -0.031089]
 [ 0.       -0.031089  0.022941]]
2 20
[[ 0.012238  0.00748   0.009073]
 [ 0.00748   0.012238 -0.009073]
 [ 0.01749  -0.01749   0.015591]]
2 21
[[ 0.043591  0.115045  0.044907]
 [-0.02363  -0.078163 -0.02363 ]
 [ 0.044907  0.115045  0.043591]]
2 22
[[-0.03638  -0.016639  0.043658]
 [-0.016639 -0.03638  -0.043658]
 [-0.001765  0.001765  0.047473]]
2 23
[[-0.078163 -0.02363   0.02363 ]
 [ 0.115045  0.043591 -0.044907]
 [-0.115045 -0.044907  0.043591]]
2 24
[[ 0.012238  0.009073  0.00748 ]
 [ 0.01749   0.015591 -0.01749 ]
 [ 0.00748  -0.009073  0.012238]]
2 25
[[ 0.015591  0.01749   0.01749 ]
 [ 0.009073  0.012238 -0.00748 ]
 [ 0.009073 -0.00748   0.012238]]
2 26
[[-1.957932  1.408315  1.408315]
 [ 1.408315 -1.957932 -1.408315]
 [ 1.408315 -1.408315 -1.957932]]
2 27
[[-0.03638   0.043658  0.016639]
 [-0.001765  0.047473 -0.001765]
 [ 0.016639  0.043658 -0.03638 ]]
2 28
[[-0.004248  0.019081  0.003869]
 [ 0.003279  0.01299   0.001051]
 [ 0.000145  0.012912 -0.009495]]
2 29
[[ 0.01299   0.003279 -0.001051]
 [ 0.019081 -0.004248 -0.003869]
 [-0.012912 -0.000145 -0.009495]]
2 30
[[ 0.047473 -0.001765  0.001765]
 [ 0.043658 -0.03638  -0.016639]
 [-0.043658 -0.016639 -0.03638 ]]
2 31
[[-0.03638   0.016639  0.043658]
 [ 0.016639 -0.03638   0.043658]
 [-0.001765 -0.001765  0.047473]]
2 32
[[ 0.001036  0.00677   0.00677 ]
 [ 0.00677   0.001036  0.00677 ]
 [ 0.00677   0.00677   0.001036]]
2 33
[[ 0.000909  0.005148 -0.      ]
 [ 0.005148  0.000909  0.      ]
 [-0.        0.       -0.00017 ]]
2 34
[[ 0.001036  0.00677  -0.00677 ]
 [ 0.00677   0.001036 -0.00677 ]
 [-0.00677  -0.00677   0.001036]]
2 35
[[-0.03638   0.016639 -0.043658]
 [ 0.016639 -0.03638  -0.043658]
 [ 0.001765  0.001765  0.047473]]
2 36
[[-0.004248  0.003869  0.019081]
 [ 0.000145 -0.009495  0.012912]
 [ 0.003279  0.001051  0.01299 ]]
2 37
[[ 0.000909 -0.        0.005148]
 [-0.       -0.00017  -0.      ]
 [ 0.005148 -0.        0.000909]]
2 38
[[-0.00017   0.       -0.      ]
 [ 0.        0.000909 -0.005148]
 [-0.       -0.005148  0.000909]]
2 39
[[-0.009495  0.000145 -0.012912]
 [ 0.003869 -0.004248 -0.019081]
 [-0.001051 -0.003279  0.01299 ]]
2 40
[[-0.001361  0.007147  0.002522]
 [ 0.007147 -0.001361 -0.002522]
 [ 0.004327 -0.004327  0.013278]]
2 41
[[ 0.01299  -0.001051  0.003279]
 [-0.012912 -0.009495 -0.000145]
 [ 0.019081 -0.003869 -0.004248]]
2 42
[[ 0.001036 -0.00677   0.00677 ]
 [-0.00677   0.001036 -0.00677 ]
 [ 0.00677  -0.00677   0.001036]]
2 43
[[-0.009495 -0.012912  0.000145]
 [-0.001051  0.01299  -0.003279]
 [ 0.003869 -0.019081 -0.004248]]
2 44
[[ 0.001252  0.002578  0.002578]
 [ 0.003826  0.006477 -0.005084]
 [ 0.003826 -0.005084  0.006477]]
2 45
[[ 0.006477  0.003826  0.005084]
 [ 0.002578  0.001252 -0.002578]
 [ 0.005084 -0.003826  0.006477]]
2 46
[[ 0.047473  0.001765 -0.001765]
 [-0.043658 -0.03638  -0.016639]
 [ 0.043658 -0.016639 -0.03638 ]]
2 47
[[-0.03638  -0.043658  0.016639]
 [ 0.001765  0.047473  0.001765]
 [ 0.016639 -0.043658 -0.03638 ]]
2 48
[[-0.001361  0.002522  0.007147]
 [ 0.004327  0.013278 -0.004327]
 [ 0.007147 -0.002522 -0.001361]]
2 49
[[ 0.006477  0.005084  0.003826]
 [ 0.005084  0.006477 -0.003826]
 [ 0.002578 -0.002578  0.001252]]
2 50
[[ 0.013278  0.004327  0.004327]
 [ 0.002522 -0.001361 -0.007147]
 [ 0.002522 -0.007147 -0.001361]]
2 51
[[-0.078163  0.02363   0.02363 ]
 [-0.115045  0.043591  0.044907]
 [-0.115045  0.044907  0.043591]]
2 52
[[-0.009495  0.012912  0.000145]
 [ 0.001051  0.01299   0.003279]
 [ 0.003869  0.019081 -0.004248]]
2 53
[[ 0.000389  0.003717 -0.003717]
 [ 0.003717  0.000389  0.003717]
 [-0.003717  0.003717  0.000389]]
2 54
[[ 0.01299   0.001051 -0.003279]
 [ 0.012912 -0.009495 -0.000145]
 [-0.019081 -0.003869 -0.004248]]
2 55
[[ 0.043591 -0.115045 -0.044907]
 [ 0.02363  -0.078163 -0.02363 ]
 [-0.044907  0.115045  0.043591]]
2 56
[[-0.009495  0.000145  0.012912]
 [ 0.003869 -0.004248  0.019081]
 [ 0.001051  0.003279  0.01299 ]]
2 57
[[-0.00017   0.       -0.      ]
 [ 0.        0.000909  0.005148]
 [-0.        0.005148  0.000909]]
2 58
[[ 0.000909  0.       -0.005148]
 [ 0.       -0.00017  -0.      ]
 [-0.005148 -0.        0.000909]]
2 59
[[-0.004248  0.003869 -0.019081]
 [ 0.000145 -0.009495 -0.012912]
 [-0.003279 -0.001051  0.01299 ]]
2 60
[[-0.001361  0.007147 -0.002522]
 [ 0.007147 -0.001361  0.002522]
 [-0.004327  0.004327  0.013278]]
2 61
[[ 0.000389 -0.003717  0.003717]
 [-0.003717  0.000389  0.003717]
 [ 0.003717  0.003717  0.000389]]
2 62
[[ 0.000909 -0.005148 -0.      ]
 [-0.005148  0.000909 -0.      ]
 [-0.       -0.       -0.00017 ]]
2 63
[[ 0.000389 -0.003717 -0.003717]
 [-0.003717  0.000389 -0.003717]
 [-0.003717 -0.003717  0.000389]]
2 64
[[ 0.002398  0.002483 -0.001507]
 [ 0.002483  0.002398 -0.001507]
 [-0.000316 -0.000316  0.006145]]
2 65
[[ 0.002398  0.002483  0.001507]
 [ 0.002483  0.002398  0.001507]
 [ 0.000316  0.000316  0.006145]]
2 66
[[ 0.01299  -0.003279  0.001051]
 [-0.019081 -0.004248 -0.003869]
 [ 0.012912 -0.000145 -0.009495]]
2 67
[[-0.004248 -0.019081  0.003869]
 [-0.003279  0.01299  -0.001051]
 [ 0.000145 -0.012912 -0.009495]]
2 68
[[ 0.002398 -0.001507  0.002483]
 [-0.000316  0.006145 -0.000316]
 [ 0.002483 -0.001507  0.002398]]
2 69
[[ 0.004121  0.001363  0.001363]
 [ 0.001363  0.004121 -0.001363]
 [ 0.001363 -0.001363  0.004121]]
2 70
[[ 0.006145 -0.000316  0.000316]
 [-0.001507  0.002398 -0.002483]
 [ 0.001507 -0.002483  0.002398]]
2 71
[[ 0.043591 -0.044907 -0.115045]
 [-0.044907  0.043591  0.115045]
 [ 0.02363  -0.02363  -0.078163]]
2 72
[[-0.001361 -0.002522  0.007147]
 [-0.004327  0.013278  0.004327]
 [ 0.007147  0.002522 -0.001361]]
2 73
[[ 0.002398  0.001507  0.002483]
 [ 0.000316  0.006145  0.000316]
 [ 0.002483  0.001507  0.002398]]
2 74
[[ 0.006145  0.000316 -0.000316]
 [ 0.001507  0.002398 -0.002483]
 [-0.001507 -0.002483  0.002398]]
2 75
[[ 0.013278 -0.004327 -0.004327]
 [-0.002522 -0.001361 -0.007147]
 [-0.002522 -0.007147 -0.001361]]
2 76
[[-0.033977 -0.       -0.      ]
 [-0.        0.022941  0.031089]
 [-0.        0.031089  0.022941]]
2 77
[[-0.009495 -0.000145 -0.012912]
 [-0.003869 -0.004248  0.019081]
 [-0.001051  0.003279  0.01299 ]]
2 78
[[-0.004248 -0.003869 -0.019081]
 [-0.000145 -0.009495  0.012912]
 [-0.003279  0.001051  0.01299 ]]
2 79
[[ 0.022941 -0.       -0.031089]
 [-0.       -0.033977  0.      ]
 [-0.031089  0.        0.022941]]
2 80
[[ 0.012238  0.00748  -0.009073]
 [ 0.00748   0.012238  0.009073]
 [-0.01749   0.01749   0.015591]]
2 81
[[-0.009495 -0.012912 -0.000145]
 [-0.001051  0.01299   0.003279]
 [-0.003869  0.019081 -0.004248]]
2 82
[[ 0.001036 -0.00677  -0.00677 ]
 [-0.00677   0.001036  0.00677 ]
 [-0.00677   0.00677   0.001036]]
2 83
[[ 0.01299  -0.001051 -0.003279]
 [-0.012912 -0.009495  0.000145]
 [-0.019081  0.003869 -0.004248]]
2 84
[[ 0.006477  0.003826 -0.005084]
 [ 0.002578  0.001252  0.002578]
 [-0.005084  0.003826  0.006477]]
2 85
[[ 0.001252  0.002578 -0.002578]
 [ 0.003826  0.006477  0.005084]
 [-0.003826  0.005084  0.006477]]
2 86
[[-0.004248 -0.019081 -0.003869]
 [-0.003279  0.01299   0.001051]
 [-0.000145  0.012912 -0.009495]]
2 87
[[ 0.01299  -0.003279 -0.001051]
 [-0.019081 -0.004248  0.003869]
 [-0.012912  0.000145 -0.009495]]
2 88
[[ 0.006145 -0.000316 -0.000316]
 [-0.001507  0.002398  0.002483]
 [-0.001507  0.002483  0.002398]]
2 89
[[ 0.004121  0.001363 -0.001363]
 [ 0.001363  0.004121  0.001363]
 [-0.001363  0.001363  0.004121]]
2 90
[[ 0.002398 -0.001507 -0.002483]
 [-0.000316  0.006145  0.000316]
 [-0.002483  0.001507  0.002398]]
2 91
[[ 0.022941 -0.031089 -0.      ]
 [-0.031089  0.022941  0.      ]
 [-0.        0.       -0.033977]]
2 92
[[ 0.006477 -0.005084  0.003826]
 [-0.005084  0.006477  0.003826]
 [ 0.002578  0.002578  0.001252]]
2 93
[[ 0.004121 -0.001363  0.001363]
 [-0.001363  0.004121  0.001363]
 [ 0.001363  0.001363  0.004121]]
2 94
[[ 0.004121 -0.001363 -0.001363]
 [-0.001363  0.004121 -0.001363]
 [-0.001363 -0.001363  0.004121]]
2 95
[[ 0.006477 -0.005084 -0.003826]
 [-0.005084  0.006477 -0.003826]
 [-0.002578 -0.002578  0.001252]]
2 96
[[ 0.012238 -0.009073  0.00748 ]
 [-0.01749   0.015591  0.01749 ]
 [ 0.00748   0.009073  0.012238]]
2 97
[[ 0.001252 -0.002578  0.002578]
 [-0.003826  0.006477  0.005084]
 [ 0.003826  0.005084  0.006477]]
2 98
[[ 0.002398 -0.002483 -0.001507]
 [-0.002483  0.002398  0.001507]
 [-0.000316  0.000316  0.006145]]
2 99
[[ 0.006477 -0.003826 -0.005084]
 [-0.002578  0.001252 -0.002578]
 [-0.005084 -0.003826  0.006477]]
2 100
[[ 0.015591 -0.01749  -0.01749 ]
 [-0.009073  0.012238 -0.00748 ]
 [-0.009073 -0.00748   0.012238]]
2 101
[[-0.078163 -0.02363  -0.02363 ]
 [ 0.115045  0.043591  0.044907]
 [ 0.115045  0.044907  0.043591]]
2 102
[[-0.03638  -0.016639 -0.043658]
 [-0.016639 -0.03638   0.043658]
 [ 0.001765 -0.001765  0.047473]]
2 103
[[ 0.043591  0.115045 -0.044907]
 [-0.02363  -0.078163  0.02363 ]
 [-0.044907 -0.115045  0.043591]]
2 104
[[ 0.015591  0.01749  -0.01749 ]
 [ 0.009073  0.012238  0.00748 ]
 [-0.009073  0.00748   0.012238]]
2 105
[[ 0.012238  0.009073 -0.00748 ]
 [ 0.01749   0.015591  0.01749 ]
 [-0.00748   0.009073  0.012238]]
2 106
[[-0.03638  -0.043658 -0.016639]
 [ 0.001765  0.047473 -0.001765]
 [-0.016639  0.043658 -0.03638 ]]
2 107
[[ 0.047473  0.001765  0.001765]
 [-0.043658 -0.03638   0.016639]
 [-0.043658  0.016639 -0.03638 ]]
2 108
[[ 0.013278  0.004327 -0.004327]
 [ 0.002522 -0.001361  0.007147]
 [-0.002522  0.007147 -0.001361]]
2 109
[[ 0.006477  0.005084 -0.003826]
 [ 0.005084  0.006477  0.003826]
 [-0.002578  0.002578  0.001252]]
2 110
[[-0.001361  0.002522 -0.007147]
 [ 0.004327  0.013278  0.004327]
 [-0.007147  0.002522 -0.001361]]
2 111
[[ 0.043591 -0.044907  0.115045]
 [-0.044907  0.043591 -0.115045]
 [-0.02363   0.02363  -0.078163]]
2 112
[[ 0.013278 -0.004327  0.004327]
 [-0.002522 -0.001361  0.007147]
 [ 0.002522  0.007147 -0.001361]]
2 113
[[ 0.006145  0.000316  0.000316]
 [ 0.001507  0.002398  0.002483]
 [ 0.001507  0.002483  0.002398]]
2 114
[[ 0.002398  0.001507 -0.002483]
 [ 0.000316  0.006145 -0.000316]
 [-0.002483 -0.001507  0.002398]]
2 115
[[-0.001361 -0.002522 -0.007147]
 [-0.004327  0.013278 -0.004327]
 [-0.007147 -0.002522 -0.001361]]
2 116
[[ 0.015591 -0.01749   0.01749 ]
 [-0.009073  0.012238  0.00748 ]
 [ 0.009073  0.00748   0.012238]]
2 117
[[ 0.006477 -0.003826  0.005084]
 [-0.002578  0.001252  0.002578]
 [ 0.005084  0.003826  0.006477]]
2 118
[[ 0.002398 -0.002483  0.001507]
 [-0.002483  0.002398 -0.001507]
 [ 0.000316 -0.000316  0.006145]]
2 119
[[ 0.001252 -0.002578 -0.002578]
 [-0.003826  0.006477 -0.005084]
 [-0.003826 -0.005084  0.006477]]
2 120
[[ 0.012238 -0.009073 -0.00748 ]
 [-0.01749   0.015591 -0.01749 ]
 [-0.00748  -0.009073  0.012238]]
2 121
[[ 0.012238 -0.00748   0.009073]
 [-0.00748   0.012238  0.009073]
 [ 0.01749   0.01749   0.015591]]
2 122
[[-0.001361 -0.007147  0.002522]
 [-0.007147 -0.001361  0.002522]
 [ 0.004327  0.004327  0.013278]]
2 123
[[-0.001361 -0.007147 -0.002522]
 [-0.007147 -0.001361 -0.002522]
 [-0.004327 -0.004327  0.013278]]
2 124
[[ 0.012238 -0.00748  -0.009073]
 [-0.00748   0.012238 -0.009073]
 [-0.01749  -0.01749   0.015591]]
2 125
[[ 0.009506  0.        0.      ]
 [ 0.        0.009506  0.      ]
 [ 0.        0.        0.009506]]
2 126
[[ 7.877432  0.       -0.      ]
 [ 0.        7.877432 -0.      ]
 [-0.       -0.        7.877432]]
2 127
